{
 "cells": [
  {
   "cell_type": "code",
   "execution_count": 1,
   "id": "064ba8ec",
   "metadata": {},
   "outputs": [],
   "source": [
    "import numpy as np\n",
    "import pandas as pd\n",
    "import matplotlib.pyplot as plt\n",
    "from sklearn.cluster import KMeans\n",
    "from sklearn.utils import resample\n",
    "from sklearn import preprocessing\n",
    "from sklearn.metrics import adjusted_rand_score\n",
    "from bioinfokit.visuz import cluster\n",
    "from sklearn.decomposition import PCA"
   ]
  },
  {
   "cell_type": "code",
   "execution_count": 2,
   "id": "ed7a18eb",
   "metadata": {},
   "outputs": [
    {
     "data": {
      "text/html": [
       "<div>\n",
       "<style scoped>\n",
       "    .dataframe tbody tr th:only-of-type {\n",
       "        vertical-align: middle;\n",
       "    }\n",
       "\n",
       "    .dataframe tbody tr th {\n",
       "        vertical-align: top;\n",
       "    }\n",
       "\n",
       "    .dataframe thead th {\n",
       "        text-align: right;\n",
       "    }\n",
       "</style>\n",
       "<table border=\"1\" class=\"dataframe\">\n",
       "  <thead>\n",
       "    <tr style=\"text-align: right;\">\n",
       "      <th></th>\n",
       "      <th>yummy</th>\n",
       "      <th>convenient</th>\n",
       "      <th>spicy</th>\n",
       "      <th>fattening</th>\n",
       "      <th>greasy</th>\n",
       "      <th>fast</th>\n",
       "      <th>cheap</th>\n",
       "      <th>tasty</th>\n",
       "      <th>expensive</th>\n",
       "      <th>healthy</th>\n",
       "      <th>disgusting</th>\n",
       "      <th>Like</th>\n",
       "      <th>Age</th>\n",
       "      <th>VisitFrequency</th>\n",
       "      <th>Gender</th>\n",
       "    </tr>\n",
       "  </thead>\n",
       "  <tbody>\n",
       "    <tr>\n",
       "      <th>0</th>\n",
       "      <td>No</td>\n",
       "      <td>Yes</td>\n",
       "      <td>No</td>\n",
       "      <td>Yes</td>\n",
       "      <td>No</td>\n",
       "      <td>Yes</td>\n",
       "      <td>Yes</td>\n",
       "      <td>No</td>\n",
       "      <td>Yes</td>\n",
       "      <td>No</td>\n",
       "      <td>No</td>\n",
       "      <td>-3</td>\n",
       "      <td>61</td>\n",
       "      <td>Every three months</td>\n",
       "      <td>Female</td>\n",
       "    </tr>\n",
       "    <tr>\n",
       "      <th>1</th>\n",
       "      <td>Yes</td>\n",
       "      <td>Yes</td>\n",
       "      <td>No</td>\n",
       "      <td>Yes</td>\n",
       "      <td>Yes</td>\n",
       "      <td>Yes</td>\n",
       "      <td>Yes</td>\n",
       "      <td>Yes</td>\n",
       "      <td>Yes</td>\n",
       "      <td>No</td>\n",
       "      <td>No</td>\n",
       "      <td>+2</td>\n",
       "      <td>51</td>\n",
       "      <td>Every three months</td>\n",
       "      <td>Female</td>\n",
       "    </tr>\n",
       "    <tr>\n",
       "      <th>2</th>\n",
       "      <td>No</td>\n",
       "      <td>Yes</td>\n",
       "      <td>Yes</td>\n",
       "      <td>Yes</td>\n",
       "      <td>Yes</td>\n",
       "      <td>Yes</td>\n",
       "      <td>No</td>\n",
       "      <td>Yes</td>\n",
       "      <td>Yes</td>\n",
       "      <td>Yes</td>\n",
       "      <td>No</td>\n",
       "      <td>+1</td>\n",
       "      <td>62</td>\n",
       "      <td>Every three months</td>\n",
       "      <td>Female</td>\n",
       "    </tr>\n",
       "    <tr>\n",
       "      <th>3</th>\n",
       "      <td>Yes</td>\n",
       "      <td>Yes</td>\n",
       "      <td>No</td>\n",
       "      <td>Yes</td>\n",
       "      <td>Yes</td>\n",
       "      <td>Yes</td>\n",
       "      <td>Yes</td>\n",
       "      <td>Yes</td>\n",
       "      <td>No</td>\n",
       "      <td>No</td>\n",
       "      <td>Yes</td>\n",
       "      <td>+4</td>\n",
       "      <td>69</td>\n",
       "      <td>Once a week</td>\n",
       "      <td>Female</td>\n",
       "    </tr>\n",
       "    <tr>\n",
       "      <th>4</th>\n",
       "      <td>No</td>\n",
       "      <td>Yes</td>\n",
       "      <td>No</td>\n",
       "      <td>Yes</td>\n",
       "      <td>Yes</td>\n",
       "      <td>Yes</td>\n",
       "      <td>Yes</td>\n",
       "      <td>No</td>\n",
       "      <td>No</td>\n",
       "      <td>Yes</td>\n",
       "      <td>No</td>\n",
       "      <td>+2</td>\n",
       "      <td>49</td>\n",
       "      <td>Once a month</td>\n",
       "      <td>Male</td>\n",
       "    </tr>\n",
       "    <tr>\n",
       "      <th>...</th>\n",
       "      <td>...</td>\n",
       "      <td>...</td>\n",
       "      <td>...</td>\n",
       "      <td>...</td>\n",
       "      <td>...</td>\n",
       "      <td>...</td>\n",
       "      <td>...</td>\n",
       "      <td>...</td>\n",
       "      <td>...</td>\n",
       "      <td>...</td>\n",
       "      <td>...</td>\n",
       "      <td>...</td>\n",
       "      <td>...</td>\n",
       "      <td>...</td>\n",
       "      <td>...</td>\n",
       "    </tr>\n",
       "    <tr>\n",
       "      <th>1448</th>\n",
       "      <td>No</td>\n",
       "      <td>Yes</td>\n",
       "      <td>No</td>\n",
       "      <td>Yes</td>\n",
       "      <td>Yes</td>\n",
       "      <td>No</td>\n",
       "      <td>No</td>\n",
       "      <td>No</td>\n",
       "      <td>Yes</td>\n",
       "      <td>No</td>\n",
       "      <td>Yes</td>\n",
       "      <td>I hate it!-5</td>\n",
       "      <td>47</td>\n",
       "      <td>Once a year</td>\n",
       "      <td>Male</td>\n",
       "    </tr>\n",
       "    <tr>\n",
       "      <th>1449</th>\n",
       "      <td>Yes</td>\n",
       "      <td>Yes</td>\n",
       "      <td>No</td>\n",
       "      <td>Yes</td>\n",
       "      <td>No</td>\n",
       "      <td>No</td>\n",
       "      <td>Yes</td>\n",
       "      <td>Yes</td>\n",
       "      <td>No</td>\n",
       "      <td>Yes</td>\n",
       "      <td>No</td>\n",
       "      <td>+2</td>\n",
       "      <td>36</td>\n",
       "      <td>Once a week</td>\n",
       "      <td>Female</td>\n",
       "    </tr>\n",
       "    <tr>\n",
       "      <th>1450</th>\n",
       "      <td>Yes</td>\n",
       "      <td>Yes</td>\n",
       "      <td>No</td>\n",
       "      <td>Yes</td>\n",
       "      <td>No</td>\n",
       "      <td>Yes</td>\n",
       "      <td>No</td>\n",
       "      <td>Yes</td>\n",
       "      <td>Yes</td>\n",
       "      <td>No</td>\n",
       "      <td>No</td>\n",
       "      <td>+3</td>\n",
       "      <td>52</td>\n",
       "      <td>Once a month</td>\n",
       "      <td>Female</td>\n",
       "    </tr>\n",
       "    <tr>\n",
       "      <th>1451</th>\n",
       "      <td>Yes</td>\n",
       "      <td>Yes</td>\n",
       "      <td>No</td>\n",
       "      <td>No</td>\n",
       "      <td>No</td>\n",
       "      <td>Yes</td>\n",
       "      <td>Yes</td>\n",
       "      <td>Yes</td>\n",
       "      <td>No</td>\n",
       "      <td>Yes</td>\n",
       "      <td>No</td>\n",
       "      <td>+4</td>\n",
       "      <td>41</td>\n",
       "      <td>Every three months</td>\n",
       "      <td>Male</td>\n",
       "    </tr>\n",
       "    <tr>\n",
       "      <th>1452</th>\n",
       "      <td>No</td>\n",
       "      <td>Yes</td>\n",
       "      <td>No</td>\n",
       "      <td>Yes</td>\n",
       "      <td>Yes</td>\n",
       "      <td>No</td>\n",
       "      <td>No</td>\n",
       "      <td>No</td>\n",
       "      <td>Yes</td>\n",
       "      <td>No</td>\n",
       "      <td>Yes</td>\n",
       "      <td>-3</td>\n",
       "      <td>30</td>\n",
       "      <td>Every three months</td>\n",
       "      <td>Male</td>\n",
       "    </tr>\n",
       "  </tbody>\n",
       "</table>\n",
       "<p>1453 rows × 15 columns</p>\n",
       "</div>"
      ],
      "text/plain": [
       "     yummy convenient spicy fattening greasy fast cheap tasty expensive  \\\n",
       "0       No        Yes    No       Yes     No  Yes   Yes    No       Yes   \n",
       "1      Yes        Yes    No       Yes    Yes  Yes   Yes   Yes       Yes   \n",
       "2       No        Yes   Yes       Yes    Yes  Yes    No   Yes       Yes   \n",
       "3      Yes        Yes    No       Yes    Yes  Yes   Yes   Yes        No   \n",
       "4       No        Yes    No       Yes    Yes  Yes   Yes    No        No   \n",
       "...    ...        ...   ...       ...    ...  ...   ...   ...       ...   \n",
       "1448    No        Yes    No       Yes    Yes   No    No    No       Yes   \n",
       "1449   Yes        Yes    No       Yes     No   No   Yes   Yes        No   \n",
       "1450   Yes        Yes    No       Yes     No  Yes    No   Yes       Yes   \n",
       "1451   Yes        Yes    No        No     No  Yes   Yes   Yes        No   \n",
       "1452    No        Yes    No       Yes    Yes   No    No    No       Yes   \n",
       "\n",
       "     healthy disgusting          Like  Age      VisitFrequency  Gender  \n",
       "0         No         No            -3   61  Every three months  Female  \n",
       "1         No         No            +2   51  Every three months  Female  \n",
       "2        Yes         No            +1   62  Every three months  Female  \n",
       "3         No        Yes            +4   69         Once a week  Female  \n",
       "4        Yes         No            +2   49        Once a month    Male  \n",
       "...      ...        ...           ...  ...                 ...     ...  \n",
       "1448      No        Yes  I hate it!-5   47         Once a year    Male  \n",
       "1449     Yes         No            +2   36         Once a week  Female  \n",
       "1450      No         No            +3   52        Once a month  Female  \n",
       "1451     Yes         No            +4   41  Every three months    Male  \n",
       "1452      No        Yes            -3   30  Every three months    Male  \n",
       "\n",
       "[1453 rows x 15 columns]"
      ]
     },
     "execution_count": 2,
     "metadata": {},
     "output_type": "execute_result"
    }
   ],
   "source": [
    "mcdonalds=pd.read_csv('mcdonalds.csv')\n",
    "mcdonalds"
   ]
  },
  {
   "cell_type": "code",
   "execution_count": 3,
   "id": "e76312fa",
   "metadata": {},
   "outputs": [
    {
     "data": {
      "text/plain": [
       "Index(['yummy', 'convenient', 'spicy', 'fattening', 'greasy', 'fast', 'cheap',\n",
       "       'tasty', 'expensive', 'healthy', 'disgusting', 'Like', 'Age',\n",
       "       'VisitFrequency', 'Gender'],\n",
       "      dtype='object')"
      ]
     },
     "execution_count": 3,
     "metadata": {},
     "output_type": "execute_result"
    }
   ],
   "source": [
    "mcdonalds.columns"
   ]
  },
  {
   "cell_type": "code",
   "execution_count": 4,
   "id": "86b167ff",
   "metadata": {},
   "outputs": [
    {
     "data": {
      "text/plain": [
       "(1453, 15)"
      ]
     },
     "execution_count": 4,
     "metadata": {},
     "output_type": "execute_result"
    }
   ],
   "source": [
    "mcdonalds.shape"
   ]
  },
  {
   "cell_type": "code",
   "execution_count": 5,
   "id": "a273b638",
   "metadata": {},
   "outputs": [
    {
     "data": {
      "text/html": [
       "<div>\n",
       "<style scoped>\n",
       "    .dataframe tbody tr th:only-of-type {\n",
       "        vertical-align: middle;\n",
       "    }\n",
       "\n",
       "    .dataframe tbody tr th {\n",
       "        vertical-align: top;\n",
       "    }\n",
       "\n",
       "    .dataframe thead th {\n",
       "        text-align: right;\n",
       "    }\n",
       "</style>\n",
       "<table border=\"1\" class=\"dataframe\">\n",
       "  <thead>\n",
       "    <tr style=\"text-align: right;\">\n",
       "      <th></th>\n",
       "      <th>yummy</th>\n",
       "      <th>convenient</th>\n",
       "      <th>spicy</th>\n",
       "      <th>fattening</th>\n",
       "      <th>greasy</th>\n",
       "      <th>fast</th>\n",
       "      <th>cheap</th>\n",
       "      <th>tasty</th>\n",
       "      <th>expensive</th>\n",
       "      <th>healthy</th>\n",
       "      <th>disgusting</th>\n",
       "      <th>Like</th>\n",
       "      <th>Age</th>\n",
       "      <th>VisitFrequency</th>\n",
       "      <th>Gender</th>\n",
       "    </tr>\n",
       "  </thead>\n",
       "  <tbody>\n",
       "    <tr>\n",
       "      <th>0</th>\n",
       "      <td>No</td>\n",
       "      <td>Yes</td>\n",
       "      <td>No</td>\n",
       "      <td>Yes</td>\n",
       "      <td>No</td>\n",
       "      <td>Yes</td>\n",
       "      <td>Yes</td>\n",
       "      <td>No</td>\n",
       "      <td>Yes</td>\n",
       "      <td>No</td>\n",
       "      <td>No</td>\n",
       "      <td>-3</td>\n",
       "      <td>61</td>\n",
       "      <td>Every three months</td>\n",
       "      <td>Female</td>\n",
       "    </tr>\n",
       "    <tr>\n",
       "      <th>1</th>\n",
       "      <td>Yes</td>\n",
       "      <td>Yes</td>\n",
       "      <td>No</td>\n",
       "      <td>Yes</td>\n",
       "      <td>Yes</td>\n",
       "      <td>Yes</td>\n",
       "      <td>Yes</td>\n",
       "      <td>Yes</td>\n",
       "      <td>Yes</td>\n",
       "      <td>No</td>\n",
       "      <td>No</td>\n",
       "      <td>+2</td>\n",
       "      <td>51</td>\n",
       "      <td>Every three months</td>\n",
       "      <td>Female</td>\n",
       "    </tr>\n",
       "    <tr>\n",
       "      <th>2</th>\n",
       "      <td>No</td>\n",
       "      <td>Yes</td>\n",
       "      <td>Yes</td>\n",
       "      <td>Yes</td>\n",
       "      <td>Yes</td>\n",
       "      <td>Yes</td>\n",
       "      <td>No</td>\n",
       "      <td>Yes</td>\n",
       "      <td>Yes</td>\n",
       "      <td>Yes</td>\n",
       "      <td>No</td>\n",
       "      <td>+1</td>\n",
       "      <td>62</td>\n",
       "      <td>Every three months</td>\n",
       "      <td>Female</td>\n",
       "    </tr>\n",
       "  </tbody>\n",
       "</table>\n",
       "</div>"
      ],
      "text/plain": [
       "  yummy convenient spicy fattening greasy fast cheap tasty expensive healthy  \\\n",
       "0    No        Yes    No       Yes     No  Yes   Yes    No       Yes      No   \n",
       "1   Yes        Yes    No       Yes    Yes  Yes   Yes   Yes       Yes      No   \n",
       "2    No        Yes   Yes       Yes    Yes  Yes    No   Yes       Yes     Yes   \n",
       "\n",
       "  disgusting Like  Age      VisitFrequency  Gender  \n",
       "0         No   -3   61  Every three months  Female  \n",
       "1         No   +2   51  Every three months  Female  \n",
       "2         No   +1   62  Every three months  Female  "
      ]
     },
     "execution_count": 5,
     "metadata": {},
     "output_type": "execute_result"
    }
   ],
   "source": [
    "mcdonalds.head(3)"
   ]
  },
  {
   "cell_type": "code",
   "execution_count": 6,
   "id": "c07de40c",
   "metadata": {},
   "outputs": [
    {
     "data": {
      "text/plain": [
       "yummy         0.55\n",
       "convenient    0.91\n",
       "spicy         0.09\n",
       "fattening     0.87\n",
       "greasy        0.53\n",
       "fast          0.90\n",
       "cheap         0.60\n",
       "tasty         0.64\n",
       "expensive     0.36\n",
       "healthy       0.20\n",
       "disgusting    0.24\n",
       "dtype: float64"
      ]
     },
     "execution_count": 6,
     "metadata": {},
     "output_type": "execute_result"
    }
   ],
   "source": [
    "MD_x =mcdonalds.iloc[:,0:11].replace(\"Yes\",1).replace(\"No\",0)\n",
    "mean=round(MD_x.mean(),2)\n",
    "mean"
   ]
  },
  {
   "cell_type": "markdown",
   "id": "aa5380be",
   "metadata": {},
   "source": [
    "## principal component analysis"
   ]
  },
  {
   "cell_type": "code",
   "execution_count": 7,
   "id": "babecc8b",
   "metadata": {},
   "outputs": [
    {
     "data": {
      "text/html": [
       "<div>\n",
       "<style scoped>\n",
       "    .dataframe tbody tr th:only-of-type {\n",
       "        vertical-align: middle;\n",
       "    }\n",
       "\n",
       "    .dataframe tbody tr th {\n",
       "        vertical-align: top;\n",
       "    }\n",
       "\n",
       "    .dataframe thead th {\n",
       "        text-align: right;\n",
       "    }\n",
       "</style>\n",
       "<table border=\"1\" class=\"dataframe\">\n",
       "  <thead>\n",
       "    <tr style=\"text-align: right;\">\n",
       "      <th></th>\n",
       "      <th>Standard deviation</th>\n",
       "      <th>Proportion of Variance</th>\n",
       "      <th>Cumulative Proportion</th>\n",
       "    </tr>\n",
       "  </thead>\n",
       "  <tbody>\n",
       "    <tr>\n",
       "      <th>PC1</th>\n",
       "      <td>0.757050</td>\n",
       "      <td>0.299447</td>\n",
       "      <td>0.299447</td>\n",
       "    </tr>\n",
       "    <tr>\n",
       "      <th>PC2</th>\n",
       "      <td>0.607456</td>\n",
       "      <td>0.192797</td>\n",
       "      <td>0.492244</td>\n",
       "    </tr>\n",
       "    <tr>\n",
       "      <th>PC3</th>\n",
       "      <td>0.504619</td>\n",
       "      <td>0.133045</td>\n",
       "      <td>0.625290</td>\n",
       "    </tr>\n",
       "    <tr>\n",
       "      <th>PC4</th>\n",
       "      <td>0.398799</td>\n",
       "      <td>0.083096</td>\n",
       "      <td>0.708386</td>\n",
       "    </tr>\n",
       "    <tr>\n",
       "      <th>PC5</th>\n",
       "      <td>0.337405</td>\n",
       "      <td>0.059481</td>\n",
       "      <td>0.767866</td>\n",
       "    </tr>\n",
       "    <tr>\n",
       "      <th>PC6</th>\n",
       "      <td>0.310275</td>\n",
       "      <td>0.050300</td>\n",
       "      <td>0.818166</td>\n",
       "    </tr>\n",
       "    <tr>\n",
       "      <th>PC7</th>\n",
       "      <td>0.289697</td>\n",
       "      <td>0.043849</td>\n",
       "      <td>0.862015</td>\n",
       "    </tr>\n",
       "    <tr>\n",
       "      <th>PC8</th>\n",
       "      <td>0.275122</td>\n",
       "      <td>0.039548</td>\n",
       "      <td>0.901563</td>\n",
       "    </tr>\n",
       "    <tr>\n",
       "      <th>PC9</th>\n",
       "      <td>0.265251</td>\n",
       "      <td>0.036761</td>\n",
       "      <td>0.938323</td>\n",
       "    </tr>\n",
       "    <tr>\n",
       "      <th>PC10</th>\n",
       "      <td>0.248842</td>\n",
       "      <td>0.032353</td>\n",
       "      <td>0.970677</td>\n",
       "    </tr>\n",
       "    <tr>\n",
       "      <th>PC11</th>\n",
       "      <td>0.236903</td>\n",
       "      <td>0.029323</td>\n",
       "      <td>1.000000</td>\n",
       "    </tr>\n",
       "  </tbody>\n",
       "</table>\n",
       "</div>"
      ],
      "text/plain": [
       "      Standard deviation  Proportion of Variance  Cumulative Proportion\n",
       "PC1             0.757050                0.299447               0.299447\n",
       "PC2             0.607456                0.192797               0.492244\n",
       "PC3             0.504619                0.133045               0.625290\n",
       "PC4             0.398799                0.083096               0.708386\n",
       "PC5             0.337405                0.059481               0.767866\n",
       "PC6             0.310275                0.050300               0.818166\n",
       "PC7             0.289697                0.043849               0.862015\n",
       "PC8             0.275122                0.039548               0.901563\n",
       "PC9             0.265251                0.036761               0.938323\n",
       "PC10            0.248842                0.032353               0.970677\n",
       "PC11            0.236903                0.029323               1.000000"
      ]
     },
     "execution_count": 7,
     "metadata": {},
     "output_type": "execute_result"
    }
   ],
   "source": [
    "pca=PCA()\n",
    "\n",
    "\n",
    "McD_pca=pca.fit_transform(MD_x)\n",
    "McD_p=pca.fit(MD_x)\n",
    "\n",
    "#variance proportion and standard deviation\n",
    "PV = pca.explained_variance_ratio_\n",
    "SD = np.sqrt(pca.explained_variance_)\n",
    " \n",
    "\n",
    "ind=[]\n",
    "\n",
    "for i in range(len(SD)):\n",
    "    i=i+1\n",
    "    ind.append(\"PC{}\".format(i))\n",
    "\n",
    "sum=pd.DataFrame({\n",
    "    \"Standard deviation\":SD,\"Proportion of Variance\":PV,\"Cumulative Proportion\":PV.cumsum()\n",
    "},index=ind)\n",
    "sum"
   ]
  },
  {
   "cell_type": "code",
   "execution_count": 8,
   "id": "f6f9ddd6",
   "metadata": {},
   "outputs": [
    {
     "name": "stdout",
     "output_type": "stream",
     "text": [
      "Stand Deviat [0.8 0.6 0.5 0.4 0.3 0.3 0.3 0.3 0.3 0.2 0.2]\n"
     ]
    }
   ],
   "source": [
    "print(\"Stand Deviat\",SD.round(1))"
   ]
  },
  {
   "cell_type": "code",
   "execution_count": 9,
   "id": "4f790247",
   "metadata": {},
   "outputs": [
    {
     "data": {
      "text/plain": [
       "array([[-0.47693349, -0.15533159, -0.00635636,  0.11623168,  0.3044427 ,\n",
       "        -0.10849325, -0.33718593, -0.47151394,  0.32904173, -0.21371062,\n",
       "         0.37475293],\n",
       "       [ 0.36378978,  0.016414  ,  0.01880869, -0.03409395, -0.06383884,\n",
       "        -0.0869722 , -0.61063276,  0.3073178 ,  0.60128596,  0.07659344,\n",
       "        -0.13965633],\n",
       "       [-0.30444402, -0.0625153 , -0.03701866, -0.32235949, -0.80237317,\n",
       "        -0.06464172, -0.14931026, -0.28726479,  0.02439661,  0.19205128,\n",
       "        -0.08857138],\n",
       "       [ 0.0551622 , -0.14242496,  0.19761927, -0.35413876,  0.2539601 ,\n",
       "        -0.09736269,  0.11895823, -0.00254696,  0.06781599,  0.76348804,\n",
       "         0.36953871],\n",
       "       [-0.30753507,  0.27760805,  0.07062017, -0.07340475,  0.36139895,\n",
       "         0.10793025, -0.12897259, -0.21089912, -0.00312457,  0.28784553,\n",
       "        -0.72920859],\n",
       "       [ 0.17073819, -0.34783006, -0.3550866 , -0.40651542,  0.20934711,\n",
       "        -0.59463206, -0.10324067, -0.07691443, -0.26134151, -0.17822612,\n",
       "        -0.21087805],\n",
       "       [-0.28051863, -0.05973793,  0.70763705, -0.38594277,  0.03616962,\n",
       "        -0.08684577, -0.04044934,  0.36045348, -0.06838452, -0.34961569,\n",
       "        -0.02679159],\n",
       "       [ 0.01304117, -0.11307868,  0.37593402,  0.58962241, -0.13824084,\n",
       "        -0.62779877,  0.14006047, -0.07279193,  0.02953939,  0.17630281,\n",
       "        -0.16718101],\n",
       "       [ 0.57240278, -0.01846534,  0.40027977, -0.16051227, -0.00284738,\n",
       "         0.16619659,  0.07606907, -0.63908592,  0.06699639, -0.1855722 ,\n",
       "        -0.07248255],\n",
       "       [-0.11028437, -0.66581756, -0.07563413, -0.00533813,  0.00870725,\n",
       "         0.23953197,  0.42808739,  0.0791838 ,  0.45439925, -0.03811713,\n",
       "        -0.28959188],\n",
       "       [ 0.04543901, -0.54161635,  0.14172992,  0.25090987,  0.00164229,\n",
       "         0.33926454, -0.48928285,  0.01955226, -0.49006853,  0.15760765,\n",
       "        -0.04066227]])"
      ]
     },
     "execution_count": 9,
     "metadata": {},
     "output_type": "execute_result"
    }
   ],
   "source": [
    "pca.components_"
   ]
  },
  {
   "cell_type": "code",
   "execution_count": 10,
   "id": "50a9f7c6",
   "metadata": {
    "scrolled": true
   },
   "outputs": [
    {
     "data": {
      "text/plain": [
       "array([[-0.47693349,  0.36378978, -0.30444402,  0.0551622 , -0.30753507,\n",
       "         0.17073819, -0.28051863,  0.01304117,  0.57240278, -0.11028437,\n",
       "         0.04543901],\n",
       "       [-0.15533159,  0.016414  , -0.0625153 , -0.14242496,  0.27760805,\n",
       "        -0.34783006, -0.05973793, -0.11307868, -0.01846534, -0.66581756,\n",
       "        -0.54161635],\n",
       "       [-0.00635636,  0.01880869, -0.03701866,  0.19761927,  0.07062017,\n",
       "        -0.3550866 ,  0.70763705,  0.37593402,  0.40027977, -0.07563413,\n",
       "         0.14172992],\n",
       "       [ 0.11623168, -0.03409395, -0.32235949, -0.35413876, -0.07340475,\n",
       "        -0.40651542, -0.38594277,  0.58962241, -0.16051227, -0.00533813,\n",
       "         0.25090987],\n",
       "       [ 0.3044427 , -0.06383884, -0.80237317,  0.2539601 ,  0.36139895,\n",
       "         0.20934711,  0.03616962, -0.13824084, -0.00284738,  0.00870725,\n",
       "         0.00164229],\n",
       "       [-0.10849325, -0.0869722 , -0.06464172, -0.09736269,  0.10793025,\n",
       "        -0.59463206, -0.08684577, -0.62779877,  0.16619659,  0.23953197,\n",
       "         0.33926454],\n",
       "       [-0.33718593, -0.61063276, -0.14931026,  0.11895823, -0.12897259,\n",
       "        -0.10324067, -0.04044934,  0.14006047,  0.07606907,  0.42808739,\n",
       "        -0.48928285],\n",
       "       [-0.47151394,  0.3073178 , -0.28726479, -0.00254696, -0.21089912,\n",
       "        -0.07691443,  0.36045348, -0.07279193, -0.63908592,  0.0791838 ,\n",
       "         0.01955226],\n",
       "       [ 0.32904173,  0.60128596,  0.02439661,  0.06781599, -0.00312457,\n",
       "        -0.26134151, -0.06838452,  0.02953939,  0.06699639,  0.45439925,\n",
       "        -0.49006853],\n",
       "       [-0.21371062,  0.07659344,  0.19205128,  0.76348804,  0.28784553,\n",
       "        -0.17822612, -0.34961569,  0.17630281, -0.1855722 , -0.03811713,\n",
       "         0.15760765],\n",
       "       [ 0.37475293, -0.13965633, -0.08857138,  0.36953871, -0.72920859,\n",
       "        -0.21087805, -0.02679159, -0.16718101, -0.07248255, -0.28959188,\n",
       "        -0.04066227]])"
      ]
     },
     "execution_count": 10,
     "metadata": {},
     "output_type": "execute_result"
    }
   ],
   "source": [
    "load = (pca.components_)\n",
    "i=0\n",
    "r_matrix = McD_p.components_.T\n",
    "r_matrix"
   ]
  },
  {
   "cell_type": "code",
   "execution_count": 11,
   "id": "bd08e59f",
   "metadata": {},
   "outputs": [
    {
     "data": {
      "text/html": [
       "<div>\n",
       "<style scoped>\n",
       "    .dataframe tbody tr th:only-of-type {\n",
       "        vertical-align: middle;\n",
       "    }\n",
       "\n",
       "    .dataframe tbody tr th {\n",
       "        vertical-align: top;\n",
       "    }\n",
       "\n",
       "    .dataframe thead th {\n",
       "        text-align: right;\n",
       "    }\n",
       "</style>\n",
       "<table border=\"1\" class=\"dataframe\">\n",
       "  <thead>\n",
       "    <tr style=\"text-align: right;\">\n",
       "      <th></th>\n",
       "      <th>PC1</th>\n",
       "      <th>PC2</th>\n",
       "      <th>PC3</th>\n",
       "      <th>PC4</th>\n",
       "      <th>PC5</th>\n",
       "      <th>PC6</th>\n",
       "      <th>PC7</th>\n",
       "      <th>PC8</th>\n",
       "      <th>PC9</th>\n",
       "      <th>PC10</th>\n",
       "      <th>PC11</th>\n",
       "    </tr>\n",
       "  </thead>\n",
       "  <tbody>\n",
       "    <tr>\n",
       "      <th>yummy</th>\n",
       "      <td>0.477</td>\n",
       "      <td>-0.364</td>\n",
       "      <td>0.304</td>\n",
       "      <td>-0.055</td>\n",
       "      <td>0.308</td>\n",
       "      <td>-0.171</td>\n",
       "      <td>0.281</td>\n",
       "      <td>-0.013</td>\n",
       "      <td>-0.572</td>\n",
       "      <td>0.110</td>\n",
       "      <td>-0.045</td>\n",
       "    </tr>\n",
       "    <tr>\n",
       "      <th>convenient</th>\n",
       "      <td>0.155</td>\n",
       "      <td>-0.016</td>\n",
       "      <td>0.063</td>\n",
       "      <td>0.142</td>\n",
       "      <td>-0.278</td>\n",
       "      <td>0.348</td>\n",
       "      <td>0.060</td>\n",
       "      <td>0.113</td>\n",
       "      <td>0.018</td>\n",
       "      <td>0.666</td>\n",
       "      <td>0.542</td>\n",
       "    </tr>\n",
       "    <tr>\n",
       "      <th>spicy</th>\n",
       "      <td>0.006</td>\n",
       "      <td>-0.019</td>\n",
       "      <td>0.037</td>\n",
       "      <td>-0.198</td>\n",
       "      <td>-0.071</td>\n",
       "      <td>0.355</td>\n",
       "      <td>-0.708</td>\n",
       "      <td>-0.376</td>\n",
       "      <td>-0.400</td>\n",
       "      <td>0.076</td>\n",
       "      <td>-0.142</td>\n",
       "    </tr>\n",
       "    <tr>\n",
       "      <th>fattening</th>\n",
       "      <td>-0.116</td>\n",
       "      <td>0.034</td>\n",
       "      <td>0.322</td>\n",
       "      <td>0.354</td>\n",
       "      <td>0.073</td>\n",
       "      <td>0.407</td>\n",
       "      <td>0.386</td>\n",
       "      <td>-0.590</td>\n",
       "      <td>0.161</td>\n",
       "      <td>0.005</td>\n",
       "      <td>-0.251</td>\n",
       "    </tr>\n",
       "    <tr>\n",
       "      <th>greasy</th>\n",
       "      <td>-0.304</td>\n",
       "      <td>0.064</td>\n",
       "      <td>0.802</td>\n",
       "      <td>-0.254</td>\n",
       "      <td>-0.361</td>\n",
       "      <td>-0.209</td>\n",
       "      <td>-0.036</td>\n",
       "      <td>0.138</td>\n",
       "      <td>0.003</td>\n",
       "      <td>-0.009</td>\n",
       "      <td>-0.002</td>\n",
       "    </tr>\n",
       "    <tr>\n",
       "      <th>fast</th>\n",
       "      <td>0.108</td>\n",
       "      <td>0.087</td>\n",
       "      <td>0.065</td>\n",
       "      <td>0.097</td>\n",
       "      <td>-0.108</td>\n",
       "      <td>0.595</td>\n",
       "      <td>0.087</td>\n",
       "      <td>0.628</td>\n",
       "      <td>-0.166</td>\n",
       "      <td>-0.240</td>\n",
       "      <td>-0.339</td>\n",
       "    </tr>\n",
       "    <tr>\n",
       "      <th>cheap</th>\n",
       "      <td>0.337</td>\n",
       "      <td>0.611</td>\n",
       "      <td>0.149</td>\n",
       "      <td>-0.119</td>\n",
       "      <td>0.129</td>\n",
       "      <td>0.103</td>\n",
       "      <td>0.040</td>\n",
       "      <td>-0.140</td>\n",
       "      <td>-0.076</td>\n",
       "      <td>-0.428</td>\n",
       "      <td>0.489</td>\n",
       "    </tr>\n",
       "    <tr>\n",
       "      <th>tasty</th>\n",
       "      <td>0.472</td>\n",
       "      <td>-0.307</td>\n",
       "      <td>0.287</td>\n",
       "      <td>0.003</td>\n",
       "      <td>0.211</td>\n",
       "      <td>0.077</td>\n",
       "      <td>-0.360</td>\n",
       "      <td>0.073</td>\n",
       "      <td>0.639</td>\n",
       "      <td>-0.079</td>\n",
       "      <td>-0.020</td>\n",
       "    </tr>\n",
       "    <tr>\n",
       "      <th>expensive</th>\n",
       "      <td>-0.329</td>\n",
       "      <td>-0.601</td>\n",
       "      <td>-0.024</td>\n",
       "      <td>-0.068</td>\n",
       "      <td>0.003</td>\n",
       "      <td>0.261</td>\n",
       "      <td>0.068</td>\n",
       "      <td>-0.030</td>\n",
       "      <td>-0.067</td>\n",
       "      <td>-0.454</td>\n",
       "      <td>0.490</td>\n",
       "    </tr>\n",
       "    <tr>\n",
       "      <th>healthy</th>\n",
       "      <td>0.214</td>\n",
       "      <td>-0.077</td>\n",
       "      <td>-0.192</td>\n",
       "      <td>-0.763</td>\n",
       "      <td>-0.288</td>\n",
       "      <td>0.178</td>\n",
       "      <td>0.350</td>\n",
       "      <td>-0.176</td>\n",
       "      <td>0.186</td>\n",
       "      <td>0.038</td>\n",
       "      <td>-0.158</td>\n",
       "    </tr>\n",
       "    <tr>\n",
       "      <th>disgusting</th>\n",
       "      <td>-0.375</td>\n",
       "      <td>0.140</td>\n",
       "      <td>0.089</td>\n",
       "      <td>-0.370</td>\n",
       "      <td>0.729</td>\n",
       "      <td>0.211</td>\n",
       "      <td>0.027</td>\n",
       "      <td>0.167</td>\n",
       "      <td>0.072</td>\n",
       "      <td>0.290</td>\n",
       "      <td>0.041</td>\n",
       "    </tr>\n",
       "  </tbody>\n",
       "</table>\n",
       "</div>"
      ],
      "text/plain": [
       "              PC1    PC2    PC3    PC4    PC5    PC6    PC7    PC8    PC9  \\\n",
       "yummy       0.477 -0.364  0.304 -0.055  0.308 -0.171  0.281 -0.013 -0.572   \n",
       "convenient  0.155 -0.016  0.063  0.142 -0.278  0.348  0.060  0.113  0.018   \n",
       "spicy       0.006 -0.019  0.037 -0.198 -0.071  0.355 -0.708 -0.376 -0.400   \n",
       "fattening  -0.116  0.034  0.322  0.354  0.073  0.407  0.386 -0.590  0.161   \n",
       "greasy     -0.304  0.064  0.802 -0.254 -0.361 -0.209 -0.036  0.138  0.003   \n",
       "fast        0.108  0.087  0.065  0.097 -0.108  0.595  0.087  0.628 -0.166   \n",
       "cheap       0.337  0.611  0.149 -0.119  0.129  0.103  0.040 -0.140 -0.076   \n",
       "tasty       0.472 -0.307  0.287  0.003  0.211  0.077 -0.360  0.073  0.639   \n",
       "expensive  -0.329 -0.601 -0.024 -0.068  0.003  0.261  0.068 -0.030 -0.067   \n",
       "healthy     0.214 -0.077 -0.192 -0.763 -0.288  0.178  0.350 -0.176  0.186   \n",
       "disgusting -0.375  0.140  0.089 -0.370  0.729  0.211  0.027  0.167  0.072   \n",
       "\n",
       "             PC10   PC11  \n",
       "yummy       0.110 -0.045  \n",
       "convenient  0.666  0.542  \n",
       "spicy       0.076 -0.142  \n",
       "fattening   0.005 -0.251  \n",
       "greasy     -0.009 -0.002  \n",
       "fast       -0.240 -0.339  \n",
       "cheap      -0.428  0.489  \n",
       "tasty      -0.079 -0.020  \n",
       "expensive  -0.454  0.490  \n",
       "healthy     0.038 -0.158  \n",
       "disgusting  0.290  0.041  "
      ]
     },
     "execution_count": 11,
     "metadata": {},
     "output_type": "execute_result"
    }
   ],
   "source": [
    "r_df = pd.DataFrame(r_matrix, index=MD_x.columns.values, columns=ind)\n",
    "r_df=round(-r_df,3)\n",
    "r_df"
   ]
  },
  {
   "cell_type": "code",
   "execution_count": 12,
   "id": "3038161b",
   "metadata": {},
   "outputs": [
    {
     "data": {
